 0.40  0.20  0.20  -0.4047 0.1995
 0.48  0.24  0.24  -0.5862 0.2392
 0.56  0.28  0.28  -0.6957 0.2787
 0.64  0.32  0.32  -0.7668 0.3182
 0.72  0.36  0.36  -0.8155 0.3575
 0.80  0.40  0.40  -0.8503 0.3967
 0.88  0.44  0.44  -0.8761 0.4357
 0.96  0.48  0.48  -0.8957 0.4744
 1.04  0.52  0.52  -0.9110 0.5130
 1.12  0.56  0.56  -0.9231 0.5513
 1.20  0.60  0.60  -0.9329 0.5894
 1.40  0.70  0.70  -0.9504 0.6833
 1.60  0.80  0.80  -0.9617 0.7753
 2.00  1.00  1.00  -0.9751 0.9523
 2.40  1.20  1.20  -0.9823 1.1181
 2.80  1.40  1.40  -0.9867 1.2706
 3.20  1.60  1.60  -0.9895 1.4078
 3.50  1.75  1.75  -0.9910 1.4997
 3.60  1.80  1.80  -0.9914 1.5281
 4.00  2.00  2.00  -0.9927 1.6301
 4.50  2.25  2.25  -0.9939 1.7310
 5.00  2.50  2.50  -0.9948 1.8030
 5.50  2.75  2.75  -0.9954 1.8487
 6.00  3.00  3.00  -0.9958 1.8728
 6.50  3.25  3.25  -0.9962 1.8809
 7.00  3.50  3.50  -0.9964 1.8783
 8.00  4.00  4.00  -0.9968 1.8579
 9.00  4.50  4.50  -0.9972 1.8342
10.00  5.00  5.00  -0.9974 1.8158
11.00  5.50  5.50  -0.9976 1.8045
12.00  6.00  6.00  -0.9978 1.7997
13.00  6.50  6.50  -0.9980 1.7997
14.00  7.00  7.00  -0.9981 1.8030
15.00  7.50  7.50  -0.9983 1.8084
16.00  8.00  8.00  -0.9984 1.8150
18.00  9.00  9.00  -0.9986 1.8296
20.00 10.00 10.00  -0.9987 1.8439
24.00 12.00 12.00  -0.9990 1.8681
32.00 16.00 16.00  -0.9984 1.9001
40.00 20.00 20.00  -0.9988 1.9195
50.00 25.00 25.00  -0.9990 1.9349
