40.00 40.00  0.20  -0.1572 0.3899
40.00 40.00  0.24  -0.3545 0.4574
40.00 40.00  0.28  -0.4888 0.5091
40.00 40.00  0.32  -0.5799 0.5549
40.00 40.00  0.36  -0.6493 0.5962
40.00 40.00  0.40  -0.7015 0.6344
40.00 40.00  0.44  -0.7420 0.6700
40.00 40.00  0.48  -0.7740 0.7034
40.00 40.00  0.52  -0.7998 0.7349
40.00 40.00  0.56  -0.8210 0.7647
40.00 40.00  0.60  -0.8387 0.7930
40.00 40.00  0.70  -0.8708 0.8580
40.00 40.00  0.80  -0.8940 0.9162
40.00 40.00  1.00  -0.9235 1.0156
40.00 40.00  1.20  -0.9411 1.0997
40.00 40.00  1.40  -0.9522 1.1713
40.00 40.00  1.60  -0.9603 1.2335
40.00 40.00  1.80  -0.9662 1.2879
40.00 40.00  2.00  -0.9707 1.3348
40.00 40.00  2.50  -0.9776 1.4326
40.00 40.00  3.00  -0.9827 1.5096
40.00 40.00  4.00  -0.9879 1.6166
40.00 40.00  5.00  -0.9905 1.6876
40.00 40.00  6.00  -0.9926 1.7392
40.00 40.00  8.00  -0.9946 1.8027
40.00 40.00 10.00  -0.9957 1.8411
40.00 40.00 12.00  -0.9966 1.8686
40.00 40.00 16.00  -0.9975 1.9007
40.00 40.00 20.00  -0.9986 1.9202
40.00 40.00 25.00  -0.9985 1.9344
