 0.20  0.20  0.40  -1.0000 0.0999
 0.24  0.24  0.48  -1.0000 0.1199
 0.28  0.28  0.56  -1.0000 0.1399
 0.32  0.32  0.64  -1.0000 0.1598
 0.36  0.36  0.72  -1.0000 0.1797
 0.40  0.40  0.80  -1.0000 0.1996
 0.44  0.44  0.88  -1.0000 0.2195
 0.48  0.48  0.96  -1.0000 0.2393
 0.52  0.52  1.04  -1.0000 0.2591
 0.56  0.56  1.12  -1.0000 0.2789
 0.60  0.60  1.20  -1.0000 0.2986
 0.70  0.70  1.40  -1.0000 0.3478
 0.80  0.80  1.60  -1.0000 0.3968
 1.00  1.00  2.00  -1.0000 0.4937
 1.20  1.20  2.40  -1.0000 0.5891
 1.40  1.40  2.80  -1.0000 0.6826
 1.60  1.60  3.20  -1.0000 0.7741
 1.80  1.80  3.60  -1.0000 0.8632
 2.00  2.00  4.00  -1.0000 0.9495
 2.50  2.50  5.00  -1.0000 1.1520
 3.00  3.00  6.00  -1.0000 1.3322
 3.50  3.50  7.00  -1.0000 1.4876
 4.00  4.00  8.00  -1.0000 1.6170
 4.50  4.50  9.00  -1.0001 1.7207
 5.00  5.00 10.00  -1.0001 1.8010
 5.50  5.50 11.00  -1.0001 1.8610
 6.00  6.00 12.00  -1.0001 1.9046
 6.50  6.50 13.00  -1.0002 1.9354
 7.00  7.00 14.00  -1.0002 1.9567
 7.50  7.50 15.00  -1.0002 1.9712
 8.00  8.00 16.00  -1.0002 1.9810
 9.00  9.00 18.00  -1.0002 1.9917
10.00 10.00 20.00  -1.0002 1.9963
12.00 12.00 24.00  -1.0002 1.9990
16.00 16.00 32.00  -1.0002 1.9995
20.00 20.00 40.00  -1.0002 1.9996
25.00 25.00 50.00  -1.0002 1.9996
