 0.48  0.24  0.24  -0.0614 0.1050
 0.56  0.28  0.28  -0.3102 0.1224
 0.64  0.32  0.32  -0.4717 0.1399
 0.72  0.36  0.36  -0.5824 0.1573
 0.80  0.40  0.40  -0.6616 0.1747
 0.88  0.44  0.44  -0.7202 0.1920
 0.96  0.48  0.48  -0.7648 0.2094
 1.04  0.52  0.52  -0.7994 0.2267
 1.12  0.56  0.56  -0.8270 0.2440
 1.20  0.60  0.60  -0.8492 0.2612
 1.40  0.70  0.70  -0.8890 0.3042
 1.60  0.80  0.80  -0.9148 0.3469
 2.00  1.00  1.00  -0.9452 0.4313
 2.40  1.20  1.20  -0.9617 0.5142
 2.80  1.40  1.40  -0.9716 0.5953
 3.20  1.60  1.60  -0.9781 0.6744
 3.60  1.80  1.80  -0.9825 0.7513
 4.00  2.00  2.00  -0.9857 0.8256
 5.00  2.50  2.50  -0.9905 0.9992
 6.00  3.00  3.00  -0.9932 1.1536
 7.00  3.50  3.50  -0.9948 1.2875
 8.00  4.00  4.00  -0.9958 1.4008
 9.00  4.50  4.50  -0.9965 1.4945
10.00  5.00  5.00  -0.9970 1.5705
11.00  5.50  5.50  -0.9974 1.6312
12.00  6.00  6.00  -0.9977 1.6793
13.00  6.50  6.50  -0.9979 1.7171
14.00  7.00  7.00  -0.9981 1.7470
15.00  7.50  7.50  -0.9982 1.7708
16.00  8.00  8.00  -0.9984 1.7900
18.00  9.00  9.00  -0.9986 1.8188
20.00 10.00 10.00  -0.9987 1.8393
24.00 12.00 12.00  -0.9990 1.8673
32.00 16.00 16.00  -0.9984 1.9001
40.00 20.00 20.00  -0.9988 1.9195
50.00 25.00 25.00  -0.9990 1.9349

